the play type is: 0we won via: 
[1, 0, 5, 0, -4, -4, -4, -3, -2, -2, -1, -1, 0, 0, 0, 1, 1, 1, 1, 2, 2, 3, 3, 3, 4, 4, 100, 100, 100, 100, 0, 0, 0, 0, 0, 0, 0, 0, 0, 0, 0, 1, 1, 1, 0, 1, 0, 1, 1, 0, 1, 1, 0, 0, 0, 0, -100, -100, -100, -100, -4, -4, -4, -4, -4, -4, -4, -4, -4, -4, -4, -4, -4, -4, -4, -4, -4, -4, -4, -4, -4, -4, 0, 0, 0, 0, 0, 0, 0, 0, 0, 0, 0, 0, 0, 0, 0, 0, 0, 0, 0, 0, 0, 0, 0, 0, 0, 0]we won via: 
[2, 0, 10, 0, -4, -4, -4, -3, -2, -2, -1, -1, 0, 0, 0, 1, 1, 1, 0, 2, 1, 3, 3, 2, 3, 4, 100, 100, 100, 100, 0, 0, 0, 0, 0, 0, 0, 0, 1, 1, 1, 2, 2, 2, 0, 2, 0, 2, 2, 0, 1, 2, 0, 0, 0, 0, -100, -100, -100, -100, -4, -4, -4, -4, -4, -4, -4, -4, -4, -4, -4, -4, -4, -4, -4, -4, -4, -4, -4, -4, -4, -4, 0, 0, 0, 0, 0, 0, 0, 0, 0, 0, 0, 0, 0, 0, 0, 0, 0, 0, 0, 0, 0, 0, 0, 0, 0, 0]we won via: 
[3, 0, 15, 0, -4, -4, -4, -3, -2, -2, -1, -1, 0, 0, 0, 1, 1, 1, 0, 2, 0, 3, 3, 1, 2, 3, 100, 100, 100, 100, 0, 0, 0, 0, 0, 0, 0, 0, 2, 2, 2, 3, 3, 3, 1, 3, 0, 3, 3, 0, 1, 2, 0, 0, 0, 0, -100, -100, -100, -100, -4, -4, -4, -4, -4, -4, -4, -4, -4, -4, -4, -4, -4, -4, -4, -4, -4, -4, -4, -4, -4, -4, 0, 0, 0, 0, 0, 0, 0, 0, 0, 0, 0, 0, 0, 0, 0, 0, 0, 0, 0, 0, 0, 0, 0, 0, 0, 0]we won via: 
[4, 0, 24, 0, -4, -4, -4, -3, -2, -2, -1, -1, 0, 0, 0, 1, 1, 1, 0, 2, 0, 3, 3, 0, 1, 2, 100, 100, 100, 100, 0, 0, 0, 0, 0, 0, 0, 0, 3, 3, 3, 4, 4, 4, 2, 4, 1, 6, 6, 0, 1, 2, 0, 0, 0, 0, -100, -100, -100, -100, -4, -4, -4, -4, -4, -4, -4, -4, -4, -4, -4, -4, -4, -4, -4, -4, -4, -4, -4, -4, -4, -4, 0, 0, 0, 0, 0, 0, 0, 0, 0, 0, 0, 0, 0, 0, 0, 0, 0, 0, 0, 0, 0, 0, 0, 0, 0, 0]we won via: 
[5, 0, 29, 0, -4, -4, -4, -3, -2, -2, -1, -1, 0, 0, 0, 1, 1, 1, 0, 2, 0, 2, 3, 0, 0, 1, 100, 100, 100, 100, 0, 0, 0, 0, 0, 0, 0, 0, 4, 4, 4, 5, 5, 5, 3, 5, 2, 6, 7, 1, 1, 2, 0, 0, 0, 0, -100, -100, -100, -100, -4, -4, -4, -4, -4, -4, -4, -4, -4, -4, -4, -4, -4, -4, -4, -4, -4, -4, -4, -4, -4, -4, 0, 0, 0, 0, 0, 0, 0, 0, 0, 0, 0, 0, 0, 0, 0, 0, 0, 0, 0, 0, 0, 0, 0, 0, 0, 0]we won via: 
[6, 0, 34, 0, -4, -4, -4, -3, -2, -2, -1, -1, 0, 0, 0, 1, 1, 1, 0, 1, 0, 2, 2, 0, 0, 0, 100, 100, 100, 100, 0, 0, 0, 0, 0, 0, 0, 0, 5, 5, 5, 6, 6, 6, 4, 5, 3, 7, 7, 2, 2, 2, 0, 0, 0, 0, -100, -100, -100, -100, -4, -4, -4, -4, -4, -4, -4, -4, -4, -4, -4, -4, -4, -4, -4, -4, -4, -4, -4, -4, -4, -4, 0, 0, 0, 0, 0, 0, 0, 0, 0, 0, 0, 0, 0, 0, 0, 0, 0, 0, 0, 0, 0, 0, 0, 0, 0, 0]we won via: 
[7, 0, 51, 0, -4, -4, -4, -3, -2, -2, -1, -1, 0, 0, 0, 1, 1, 1, 0, 0, 0, 1, 2, 0, 0, 0, 100, 100, 100, 100, 0, 0, 0, 0, 0, 0, 0, 0, 6, 6, 6, 7, 7, 7, 5, 5, 4, 7, 13, 3, 3, 3, 0, 0, 0, 0, -100, -100, -100, -100, -4, -4, -4, -4, -4, -4, -4, -4, -4, -4, -4, -4, -4, -4, -4, -4, -4, -4, -4, -4, -4, -4, 0, 0, 0, 0, 0, 0, 0, 0, 0, 0, 0, 0, 0, 0, 0, 0, 0, 0, 0, 0, 0, 0, 0, 0, 0, 0]we won via: 
[8, 0, 82, 0, -4, -4, -4, -3, -2, -2, -1, -1, 0, 0, 0, 0, 1, 1, 0, 0, 0, 1, 1, 0, 0, 0, 100, 100, 100, 100, 0, 0, 0, 0, 0, 0, 0, 0, 7, 7, 7, 7, 12, 12, 6, 6, 5, 12, 17, 4, 4, 4, 0, 0, 0, 0, -100, -100, -100, -100, -4, -4, -4, -4, -4, -4, -4, -4, -4, -4, -4, -4, -4, -4, -4, -4, -4, -4, -4, -4, -4, -4, 0, 0, 0, 0, 0, 0, 0, 0, 0, 0, 0, 0, 0, 0, 0, 0, 0, 0, 0, 0, 0, 0, 0, 0, 0, 0]we won via: 
[9, 0, 91, 0, -4, -4, -4, -3, -2, -2, -1, -1, 0, 0, 0, 0, 0, 1, 0, 0, 0, 1, 1, 0, 0, 0, 100, 100, 100, 100, 0, 0, 0, 0, 0, 0, 0, 0, 8, 8, 8, 8, 12, 14, 7, 7, 6, 14, 19, 5, 5, 5, 0, 0, 0, 0, -100, -100, -100, -100, -4, -4, -4, -4, -4, -4, -4, -4, -4, -4, -4, -4, -4, -4, -4, -4, -4, -4, -4, -4, -4, -4, 0, 0, 0, 0, 0, 0, 0, 0, 0, 0, 0, 0, 0, 0, 0, 0, 0, 0, 0, 0, 0, 0, 0, 0, 0, 0]we won via: 
[10, 0, 122, 0, -4, -4, -4, -3, -2, -2, -1, -1, 0, 0, 0, 0, 0, 0, 0, 0, 0, 1, 1, 0, 0, 0, 100, 100, 100, 100, 0, 0, 0, 0, 0, 0, 0, 0, 9, 9, 9, 9, 13, 14, 8, 8, 7, 22, 27, 6, 6, 6, 0, 0, 0, 0, -100, -100, -100, -100, -4, -4, -4, -4, -4, -4, -4, -4, -4, -4, -4, -4, -4, -4, -4, -4, -4, -4, -4, -4, -4, -4, 0, 0, 0, 0, 0, 0, 0, 0, 0, 0, 0, 0, 0, 0, 0, 0, 0, 0, 0, 0, 0, 0, 0, 0, 0, 0]we won via: 
[11, 0, 133, 0, -4, -4, -4, -3, -2, -2, -1, -1, 0, 0, 0, 0, 0, 0, 0, 0, 0, 0, 1, 0, 0, 0, 100, 100, 100, 100, 0, 0, 0, 0, 0, 0, 0, 0, 10, 10, 10, 10, 14, 15, 9, 9, 8, 22, 28, 7, 7, 7, 0, 0, 0, 0, -100, -100, -100, -100, -4, -4, -4, -4, -4, -4, -4, -4, -4, -4, -4, -4, -4, -4, -4, -4, -4, -4, -4, -4, -4, -4, 0, 0, 0, 0, 0, 0, 0, 0, 0, 0, 0, 0, 0, 0, 0, 0, 0, 0, 0, 0, 0, 0, 0, 0, 0, 0]we won via: 
[12, 0, 160, 0, -4, -4, -4, -3, -2, -2, -1, -1, 0, 0, 0, 0, 0, 0, 0, 0, 0, 0, 0, 0, 0, 0, 100, 100, 100, 100, 0, 0, 0, 0, 0, 0, 0, 0, 16, 16, 16, 16, 20, 21, 15, 15, 14, 28, 33, 13, 13, 13, 0, 0, 0, 0, -100, -100, -100, -100, -4, -4, -4, -4, -4, -4, -4, -4, -4, -4, -4, -4, -4, -4, -4, -4, -4, -4, -4, -4, -4, -4, 0, 0, 0, 0, 0, 0, 0, 0, 0, 0, 0, 0, 0, 0, 0, 0, 0, 0, 0, 0, 0, 0, 0, 0, 0, 0]we won via: 
[13, 0, 171, 0, -4, -4, -4, -3, -2, -2, -1, -1, 0, 0, 0, 0, 0, 0, 0, 0, 0, 0, 0, 0, 0, 0, 100, 100, 100, 100, 0, 0, 0, 0, 0, 0, 0, 0, 19, 19, 19, 19, 23, 24, 18, 18, 17, 31, 36, 16, 16, 16, 0, 0, 0, 0, -100, -100, -100, -100, -4, -4, -4, -4, -4, -4, -4, -4, -4, -4, -4, -4, -4, -4, -4, -4, -4, -4, -4, -4, -4, -4, 0, 0, 0, 0, 0, 0, 0, 0, 0, 0, 0, 0, 0, 0, 0, 0, 0, 0, 0, 0, 0, 0, 0, 0, 0, 0]we won via: 
[14, 0, 205, 0, -4, -4, -4, -4, -3, -3, -3, -2, -2, -2, -1, 0, 0, 0, 0, 1, 1, 1, 1, 2, 3, 4, 100, 100, 100, 100, 0, 0, 0, 0, 0, 0, 0, 0, 27, 27, 27, 27, 31, 32, 26, 27, 26, 40, 44, 24, 24, 25, 0, 0, 0, 0, -100, -100, -100, -100, -4, -4, -4, -4, -4, -4, -4, -4, -4, -4, -4, -4, -4, -4, -4, -4, -4, -4, -4, -4, -4, -4, 0, 0, 0, 0, 0, 0, 0, 0, 0, 0, 0, 0, 0, 0, 0, 0, 0, 0, 0, 0, 0, 0, 0, 0, 0, 0]we won via: 
[15, 0, 212, 0, -4, -4, -4, -4, -3, -3, -3, -2, -2, -2, -1, 0, 0, 0, 0, 1, 0, 1, 1, 1, 2, 3, 100, 100, 100, 100, 0, 0, 0, 0, 0, 0, 0, 0, 27, 27, 27, 28, 32, 33, 27, 28, 26, 41, 45, 24, 24, 26, 0, 0, 0, 0, -100, -100, -100, -100, -4, -4, -4, -4, -4, -4, -4, -4, -4, -4, -4, -4, -4, -4, -4, -4, -4, -4, -4, -4, -4, -4, 0, 0, 0, 0, 0, 0, 0, 0, 0, 0, 0, 0, 0, 0, 0, 0, 0, 0, 0, 0, 0, 0, 0, 0, 0, 0]we won via: 
[16, 0, 221, 0, -4, -4, -4, -4, -3, -3, -3, -2, -2, -2, -1, 0, 0, 0, 0, 1, 0, 1, 1, 0, 1, 2, 100, 100, 100, 100, 0, 0, 0, 0, 0, 0, 0, 0, 27, 27, 27, 29, 33, 34, 28, 29, 27, 42, 46, 24, 24, 28, 0, 0, 0, 0, -100, -100, -100, -100, -4, -4, -4, -4, -4, -4, -4, -4, -4, -4, -4, -4, -4, -4, -4, -4, -4, -4, -4, -4, -4, -4, 0, 0, 0, 0, 0, 0, 0, 0, 0, 0, 0, 0, 0, 0, 0, 0, 0, 0, 0, 0, 0, 0, 0, 0, 0, 0]we won via: 
[17, 0, 226, 0, -4, -4, -4, -4, -3, -3, -3, -2, -2, -2, -1, 0, 0, 0, 0, 1, 0, 1, 1, 0, 0, 1, 100, 100, 100, 100, 0, 0, 0, 0, 0, 0, 0, 0, 27, 27, 27, 30, 34, 35, 29, 30, 28, 43, 47, 25, 24, 28, 0, 0, 0, 0, -100, -100, -100, -100, -4, -4, -4, -4, -4, -4, -4, -4, -4, -4, -4, -4, -4, -4, -4, -4, -4, -4, -4, -4, -4, -4, 0, 0, 0, 0, 0, 0, 0, 0, 0, 0, 0, 0, 0, 0, 0, 0, 0, 0, 0, 0, 0, 0, 0, 0, 0, 0]we won via: 
[18, 0, 275, 0, -4, -4, -4, -4, -3, -3, -3, -2, -2, -2, -1, 0, 0, 0, 0, 1, 0, 1, 1, 0, 0, 0, 100, 100, 100, 100, 0, 0, 0, 0, 0, 0, 0, 0, 27, 27, 27, 31, 35, 36, 30, 41, 29, 54, 58, 26, 25, 28, 0, 0, 0, 0, -100, -100, -100, -100, -4, -4, -4, -4, -4, -4, -4, -4, -4, -4, -4, -4, -4, -4, -4, -4, -4, -4, -4, -4, -4, -4, 0, 0, 0, 0, 0, 0, 0, 0, 0, 0, 0, 0, 0, 0, 0, 0, 0, 0, 0, 0, 0, 0, 0, 0, 0, 0]we won via: 
[19, 0, 288, 0, -4, -4, -4, -4, -3, -3, -3, -2, -2, -2, -1, 0, 0, 0, 0, 0, 0, 1, 1, 0, 0, 0, 100, 100, 100, 100, 0, 0, 0, 0, 0, 0, 0, 0, 27, 27, 27, 32, 36, 37, 31, 41, 30, 58, 62, 27, 26, 29, 0, 0, 0, 0, -100, -100, -100, -100, -4, -4, -4, -4, -4, -4, -4, -4, -4, -4, -4, -4, -4, -4, -4, -4, -4, -4, -4, -4, -4, -4, 0, 0, 0, 0, 0, 0, 0, 0, 0, 0, 0, 0, 0, 0, 0, 0, 0, 0, 0, 0, 0, 0, 0, 0, 0, 0]we won via: 
[20, 0, 295, 0, -4, -4, -4, -4, -3, -3, -3, -2, -2, -2, -1, 0, 0, 0, 0, 0, 0, 0, 1, 0, 0, 0, 100, 100, 100, 100, 0, 0, 0, 0, 0, 0, 0, 0, 27, 27, 27, 33, 37, 38, 32, 42, 31, 58, 64, 28, 27, 30, 0, 0, 0, 0, -100, -100, -100, -100, -4, -4, -4, -4, -4, -4, -4, -4, -4, -4, -4, -4, -4, -4, -4, -4, -4, -4, -4, -4, -4, -4, 0, 0, 0, 0, 0, 0, 0, 0, 0, 0, 0, 0, 0, 0, 0, 0, 0, 0, 0, 0, 0, 0, 0, 0, 0, 0]we won via: 
[21, 0, 308, 0, -4, -4, -4, -4, -3, -3, -3, -2, -2, -2, -1, 0, 0, 0, 0, 0, 0, 0, 0, 0, 0, 0, 100, 100, 100, 100, 0, 0, 0, 0, 0, 0, 0, 0, 27, 27, 27, 37, 41, 42, 36, 46, 35, 62, 67, 32, 31, 34, 0, 0, 0, 0, -100, -100, -100, -100, -4, -4, -4, -4, -4, -4, -4, -4, -4, -4, -4, -4, -4, -4, -4, -4, -4, -4, -4, -4, -4, -4, 0, 0, 0, 0, 0, 0, 0, 0, 0, 0, 0, 0, 0, 0, 0, 0, 0, 0, 0, 0, 0, 0, 0, 0, 0, 0]we won via: 
[22, 0, 341, 0, -4, -4, -4, -4, -3, -3, -3, -2, -2, -2, -1, 0, 0, 0, 0, 0, 0, 0, 0, 0, 0, 0, 100, 100, 100, 100, 0, 0, 0, 0, 0, 0, 0, 0, 27, 27, 27, 42, 46, 47, 41, 51, 40, 67, 72, 37, 36, 39, 0, 0, 0, 0, -100, -100, -100, -100, -4, -4, -4, -4, -4, -4, -4, -4, -4, -4, -4, -4, -4, -4, -4, -4, -4, -4, -4, -4, -4, -4, 0, 0, 0, 0, 0, 0, 0, 0, 0, 0, 0, 0, 0, 0, 0, 0, 0, 0, 0, 0, 0, 0, 0, 0, 0, 0]we won via: 
[23, 0, 348, 0, -4, -4, -4, -4, -3, -3, -3, -2, -2, -2, -1, 0, 0, 0, 0, 0, 0, 0, 0, 0, 0, 0, 100, 100, 100, 100, 0, 0, 0, 0, 0, 0, 0, 0, 27, 27, 27, 44, 48, 49, 43, 53, 42, 69, 74, 39, 38, 41, 0, 0, 0, 0, -100, -100, -100, -100, -4, -4, -4, -4, -4, -4, -4, -4, -4, -4, -4, -4, -4, -4, -4, -4, -4, -4, -4, -4, -4, -4, 0, 0, 0, 0, 0, 0, 0, 0, 0, 0, 0, 0, 0, 0, 0, 0, 0, 0, 0, 0, 0, 0, 0, 0, 0, 0]we won via: 
[24, 0, 363, 0, -4, -4, -4, -4, -3, -3, -3, -2, -2, -2, -1, 0, 0, 0, 0, 0, 0, 0, 0, 0, 0, 0, 100, 100, 100, 100, 0, 0, 0, 0, 0, 0, 0, 0, 27, 27, 27, 48, 52, 53, 47, 57, 46, 73, 78, 43, 42, 45, 0, 0, 0, 0, -100, -100, -100, -100, -4, -4, -4, -4, -4, -4, -4, -4, -4, -4, -4, -4, -4, -4, -4, -4, -4, -4, -4, -4, -4, -4, 0, 0, 0, 0, 0, 0, 0, 0, 0, 0, 0, 0, 0, 0, 0, 0, 0, 0, 0, 0, 0, 0, 0, 0, 0, 0]we won via: 
[25, 0, 405, 0, -4, -4, -4, -4, -3, -3, -3, -2, -2, -2, -1, 0, 0, 0, 0, 1, 1, 1, 1, 2, 3, 4, 100, 100, 100, 100, 0, 0, 0, 0, 0, 0, 0, 0, 27, 27, 27, 63, 67, 68, 62, 73, 62, 89, 93, 58, 57, 61, 0, 0, 0, 0, -100, -100, -100, -100, -4, -4, -4, -4, -4, -4, -4, -4, -4, -4, -4, -4, -4, -4, -4, -4, -4, -4, -4, -4, -4, -4, 0, 0, 0, 0, 0, 0, 0, 0, 0, 0, 0, 0, 0, 0, 0, 0, 0, 0, 0, 0, 0, 0, 0, 0, 0, 0]we won via: 
[26, 0, 410, 0, -4, -4, -4, -4, -3, -3, -3, -2, -2, -2, -1, 0, 0, 0, 0, 1, 0, 1, 1, 1, 2, 3, 100, 100, 100, 100, 0, 0, 0, 0, 0, 0, 0, 0, 27, 27, 27, 64, 68, 69, 63, 74, 62, 90, 94, 58, 57, 61, 0, 0, 0, 0, -100, -100, -100, -100, -4, -4, -4, -4, -4, -4, -4, -4, -4, -4, -4, -4, -4, -4, -4, -4, -4, -4, -4, -4, -4, -4, 0, 0, 0, 0, 0, 0, 0, 0, 0, 0, 0, 0, 0, 0, 0, 0, 0, 0, 0, 0, 0, 0, 0, 0, 0, 0]we won via: 
[27, 0, 427, 0, -4, -4, -4, -4, -3, -3, -3, -2, -2, -2, -1, 0, 0, 0, 0, 1, 0, 1, 1, 0, 1, 2, 100, 100, 100, 100, 0, 0, 0, 0, 0, 0, 0, 0, 27, 27, 27, 65, 69, 70, 64, 75, 63, 91, 95, 58, 57, 64, 0, 0, 0, 0, -100, -100, -100, -100, -4, -4, -4, -4, -4, -4, -4, -4, -4, -4, -4, -4, -4, -4, -4, -4, -4, -4, -4, -4, -4, -4, 0, 0, 0, 0, 0, 0, 0, 0, 0, 0, 0, 0, 0, 0, 0, 0, 0, 0, 0, 0, 0, 0, 0, 0, 0, 0]we won via: 
[28, 0, 436, 0, -4, -4, -4, -4, -3, -3, -3, -2, -2, -2, -1, 0, 0, 0, 0, 1, 0, 1, 1, 0, 0, 1, 100, 100, 100, 100, 0, 0, 0, 0, 0, 0, 0, 0, 27, 27, 27, 66, 70, 71, 65, 78, 64, 94, 98, 59, 57, 66, 0, 0, 0, 0, -100, -100, -100, -100, -4, -4, -4, -4, -4, -4, -4, -4, -4, -4, -4, -4, -4, -4, -4, -4, -4, -4, -4, -4, -4, -4, 0, 0, 0, 0, 0, 0, 0, 0, 0, 0, 0, 0, 0, 0, 0, 0, 0, 0, 0, 0, 0, 0, 0, 0, 0, 0]we won via: 
[29, 0, 465, 0, -4, -4, -4, -4, -3, -3, -3, -2, -2, -2, -1, 0, 0, 0, 0, 1, 0, 1, 1, 0, 0, 0, 100, 100, 100, 100, 0, 0, 0, 0, 0, 0, 0, 0, 27, 27, 27, 67, 71, 72, 66, 85, 65, 101, 105, 60, 58, 66, 0, 0, 0, 0, -100, -100, -100, -100, -4, -4, -4, -4, -4, -4, -4, -4, -4, -4, -4, -4, -4, -4, -4, -4, -4, -4, -4, -4, -4, -4, 0, 0, 0, 0, 0, 0, 0, 0, 0, 0, 0, 0, 0, 0, 0, 0, 0, 0, 0, 0, 0, 0, 0, 0, 0, 0]we won via: 
[30, 0, 482, 0, -4, -4, -4, -4, -3, -3, -3, -2, -2, -2, -1, 0, 0, 0, 0, 0, 0, 1, 1, 0, 0, 0, 100, 100, 100, 100, 0, 0, 0, 0, 0, 0, 0, 0, 27, 27, 27, 68, 72, 73, 67, 85, 66, 104, 108, 61, 59, 67, 0, 0, 0, 0, -100, -100, -100, -100, -4, -4, -4, -4, -4, -4, -4, -4, -4, -4, -4, -4, -4, -4, -4, -4, -4, -4, -4, -4, -4, -4, 0, 0, 0, 0, 0, 0, 0, 0, 0, 0, 0, 0, 0, 0, 0, 0, 0, 0, 0, 0, 0, 0, 0, 0, 0, 0]we won via: 
[31, 0, 523, 0, -4, -4, -4, -4, -3, -3, -3, -2, -2, -2, -1, 0, 0, 0, 0, 0, 0, 0, 1, 0, 0, 0, 100, 100, 100, 100, 0, 0, 0, 0, 0, 0, 0, 0, 27, 27, 27, 69, 73, 74, 68, 86, 67, 104, 118, 62, 60, 68, 0, 0, 0, 0, -100, -100, -100, -100, -4, -4, -4, -4, -4, -4, -4, -4, -4, -4, -4, -4, -4, -4, -4, -4, -4, -4, -4, -4, -4, -4, 0, 0, 0, 0, 0, 0, 0, 0, 0, 0, 0, 0, 0, 0, 0, 0, 0, 0, 0, 0, 0, 0, 0, 0, 0, 0]we won via: 
[32, 0, 540, 0, -4, -4, -4, -4, -3, -3, -3, -2, -2, -2, -1, 0, 0, 0, 0, 0, 0, 0, 0, 0, 0, 0, 100, 100, 100, 100, 0, 0, 0, 0, 0, 0, 0, 0, 27, 27, 27, 71, 75, 76, 70, 88, 69, 106, 119, 64, 62, 70, 0, 0, 0, 0, -100, -100, -100, -100, -4, -4, -4, -4, -4, -4, -4, -4, -4, -4, -4, -4, -4, -4, -4, -4, -4, -4, -4, -4, -4, -4, 0, 0, 0, 0, 0, 0, 0, 0, 0, 0, 0, 0, 0, 0, 0, 0, 0, 0, 0, 0, 0, 0, 0, 0, 0, 0]we won via: 
[33, 0, 553, 0, -4, -4, -4, -4, -3, -3, -3, -2, -2, -2, -1, 0, 0, 0, 0, 0, 0, 0, 0, 0, 0, 0, 100, 100, 100, 100, 0, 0, 0, 0, 0, 0, 0, 0, 27, 27, 27, 73, 77, 78, 72, 90, 71, 108, 121, 66, 64, 72, 0, 0, 0, 0, -100, -100, -100, -100, -4, -4, -4, -4, -4, -4, -4, -4, -4, -4, -4, -4, -4, -4, -4, -4, -4, -4, -4, -4, -4, -4, 0, 0, 0, 0, 0, 0, 0, 0, 0, 0, 0, 0, 0, 0, 0, 0, 0, 0, 0, 0, 0, 0, 0, 0, 0, 0]we won via: 
[34, 0, 572, 0, -4, -4, -4, -4, -3, -3, -3, -2, -2, -2, -1, 0, 0, 0, 0, 0, 0, 0, 0, 0, 0, 0, 100, 100, 100, 100, 0, 0, 0, 0, 0, 0, 0, 0, 27, 27, 27, 80, 84, 85, 79, 97, 78, 115, 128, 73, 71, 79, 0, 0, 0, 0, -100, -100, -100, -100, -4, -4, -4, -4, -4, -4, -4, -4, -4, -4, -4, -4, -4, -4, -4, -4, -4, -4, -4, -4, -4, -4, 0, 0, 0, 0, 0, 0, 0, 0, 0, 0, 0, 0, 0, 0, 0, 0, 0, 0, 0, 0, 0, 0, 0, 0, 0, 0]we won via: 
[35, 0, 599, 0, -4, -4, -4, -4, -3, -3, -3, -2, -2, -2, -1, 0, 0, 0, 0, 0, 0, 0, 0, 0, 0, 0, 100, 100, 100, 100, 0, 0, 0, 0, 0, 0, 0, 0, 27, 27, 27, 81, 85, 86, 80, 98, 79, 116, 129, 74, 72, 80, 0, 0, 0, 0, -100, -100, -100, -100, -4, -4, -4, -4, -4, -4, -4, -4, -4, -4, -4, -4, -4, -4, -4, -4, -4, -4, -4, -4, -4, -4, 0, 0, 0, 0, 0, 0, 0, 0, 0, 0, 0, 0, 0, 0, 0, 0, 0, 0, 0, 0, 0, 0, 0, 0, 0, 0]we won via: 
[36, 0, 605, 0, -4, -4, -4, -3, -2, -2, -1, -1, 0, 0, 0, 1, 1, 1, 1, 2, 2, 3, 3, 4, 3, 4, 100, 100, 100, 100, 0, 0, 0, 0, 0, 0, 0, 0, 27, 27, 27, 84, 88, 89, 82, 101, 81, 119, 132, 77, 74, 83, 0, 0, 0, 0, -100, -100, -100, -100, -4, -4, -4, -4, -4, -4, -4, -4, -4, -4, -4, -4, -4, -4, -4, -4, -4, -4, -4, -4, -4, -4, 0, 0, 0, 0, 0, 0, 0, 0, 0, 0, 0, 0, 0, 0, 0, 0, 0, 0, 0, 0, 0, 0, 0, 0, 0, 0]we won via: 
[37, 0, 610, 0, -4, -4, -4, -3, -2, -2, -1, -1, 0, 0, 0, 1, 1, 1, 0, 2, 1, 3, 3, 3, 2, 4, 100, 100, 100, 100, 0, 0, 0, 0, 0, 0, 0, 0, 28, 28, 28, 85, 89, 90, 82, 102, 81, 120, 133, 77, 74, 84, 0, 0, 0, 0, -100, -100, -100, -100, -4, -4, -4, -4, -4, -4, -4, -4, -4, -4, -4, -4, -4, -4, -4, -4, -4, -4, -4, -4, -4, -4, 0, 0, 0, 0, 0, 0, 0, 0, 0, 0, 0, 0, 0, 0, 0, 0, 0, 0, 0, 0, 0, 0, 0, 0, 0, 0]we won via: 
[38, 0, 625, 0, -4, -4, -4, -3, -2, -2, -1, -1, 0, 0, 0, 1, 1, 1, 0, 2, 0, 3, 3, 2, 1, 3, 100, 100, 100, 100, 0, 0, 0, 0, 0, 0, 0, 0, 29, 29, 29, 86, 90, 91, 83, 103, 81, 126, 139, 77, 74, 89, 0, 0, 0, 0, -100, -100, -100, -100, -4, -4, -4, -4, -4, -4, -4, -4, -4, -4, -4, -4, -4, -4, -4, -4, -4, -4, -4, -4, -4, -4, 0, 0, 0, 0, 0, 0, 0, 0, 0, 0, 0, 0, 0, 0, 0, 0, 0, 0, 0, 0, 0, 0, 0, 0, 0, 0]we won via: 
[39, 0, 636, 0, -4, -4, -4, -3, -2, -2, -1, -1, 0, 0, 0, 1, 1, 1, 0, 2, 0, 3, 3, 1, 0, 2, 100, 100, 100, 100, 0, 0, 0, 0, 0, 0, 0, 0, 30, 30, 30, 87, 91, 92, 84, 104, 82, 130, 143, 77, 74, 89, 0, 0, 0, 0, -100, -100, -100, -100, -4, -4, -4, -4, -4, -4, -4, -4, -4, -4, -4, -4, -4, -4, -4, -4, -4, -4, -4, -4, -4, -4, 0, 0, 0, 0, 0, 0, 0, 0, 0, 0, 0, 0, 0, 0, 0, 0, 0, 0, 0, 0, 0, 0, 0, 0, 0, 0]we won via: 
[40, 0, 641, 0, -4, -4, -4, -3, -2, -2, -1, -1, 0, 0, 0, 1, 1, 1, 0, 2, 0, 2, 3, 0, 0, 1, 100, 100, 100, 100, 0, 0, 0, 0, 0, 0, 0, 0, 31, 31, 31, 88, 92, 93, 85, 105, 83, 130, 144, 77, 75, 89, 0, 0, 0, 0, -100, -100, -100, -100, -4, -4, -4, -4, -4, -4, -4, -4, -4, -4, -4, -4, -4, -4, -4, -4, -4, -4, -4, -4, -4, -4, 0, 0, 0, 0, 0, 0, 0, 0, 0, 0, 0, 0, 0, 0, 0, 0, 0, 0, 0, 0, 0, 0, 0, 0, 0, 0]we won via: 
[41, 0, 652, 0, -4, -4, -4, -3, -2, -2, -1, -1, 0, 0, 0, 0, 1, 1, 0, 1, 0, 2, 2, 0, 0, 1, 100, 100, 100, 100, 0, 0, 0, 0, 0, 0, 0, 0, 32, 32, 32, 88, 93, 94, 86, 105, 84, 133, 146, 78, 76, 90, 0, 0, 0, 0, -100, -100, -100, -100, -4, -4, -4, -4, -4, -4, -4, -4, -4, -4, -4, -4, -4, -4, -4, -4, -4, -4, -4, -4, -4, -4, 0, 0, 0, 0, 0, 0, 0, 0, 0, 0, 0, 0, 0, 0, 0, 0, 0, 0, 0, 0, 0, 0, 0, 0, 0, 0]we won via: 
[42, 0, 661, 0, -4, -4, -4, -3, -2, -2, -1, -1, 0, 0, 0, 0, 1, 1, 0, 1, 0, 1, 2, 0, 0, 0, 100, 100, 100, 100, 0, 0, 0, 0, 0, 0, 0, 0, 33, 33, 33, 89, 94, 95, 87, 106, 85, 133, 149, 79, 77, 90, 0, 0, 0, 0, -100, -100, -100, -100, -4, -4, -4, -4, -4, -4, -4, -4, -4, -4, -4, -4, -4, -4, -4, -4, -4, -4, -4, -4, -4, -4, 0, 0, 0, 0, 0, 0, 0, 0, 0, 0, 0, 0, 0, 0, 0, 0, 0, 0, 0, 0, 0, 0, 0, 0, 0, 0]we won via: 
[43, 0, 668, 0, -4, -4, -4, -3, -2, -2, -1, -1, 0, 0, 0, 0, 0, 1, 0, 1, 0, 1, 1, 0, 0, 0, 100, 100, 100, 100, 0, 0, 0, 0, 0, 0, 0, 0, 34, 34, 34, 90, 94, 97, 88, 108, 86, 135, 150, 80, 78, 91, 0, 0, 0, 0, -100, -100, -100, -100, -4, -4, -4, -4, -4, -4, -4, -4, -4, -4, -4, -4, -4, -4, -4, -4, -4, -4, -4, -4, -4, -4, 0, 0, 0, 0, 0, 0, 0, 0, 0, 0, 0, 0, 0, 0, 0, 0, 0, 0, 0, 0, 0, 0, 0, 0, 0, 0]we won via: 
[44, 0, 677, 0, -4, -4, -4, -3, -2, -2, -1, -1, 0, 0, 0, 0, 0, 0, 0, 1, 0, 1, 1, 0, 0, 0, 100, 100, 100, 100, 0, 0, 0, 0, 0, 0, 0, 0, 35, 35, 35, 91, 95, 97, 89, 111, 87, 138, 153, 81, 79, 92, 0, 0, 0, 0, -100, -100, -100, -100, -4, -4, -4, -4, -4, -4, -4, -4, -4, -4, -4, -4, -4, -4, -4, -4, -4, -4, -4, -4, -4, -4, 0, 0, 0, 0, 0, 0, 0, 0, 0, 0, 0, 0, 0, 0, 0, 0, 0, 0, 0, 0, 0, 0, 0, 0, 0, 0]we won via: 
[45, 0, 698, 0, -4, -4, -4, -3, -2, -2, -1, -1, 0, 0, 0, 0, 0, 0, 0, 0, 0, 1, 1, 0, 0, 0, 100, 100, 100, 100, 0, 0, 0, 0, 0, 0, 0, 0, 36, 36, 36, 92, 96, 98, 90, 111, 88, 143, 158, 82, 80, 93, 0, 0, 0, 0, -100, -100, -100, -100, -4, -4, -4, -4, -4, -4, -4, -4, -4, -4, -4, -4, -4, -4, -4, -4, -4, -4, -4, -4, -4, -4, 0, 0, 0, 0, 0, 0, 0, 0, 0, 0, 0, 0, 0, 0, 0, 0, 0, 0, 0, 0, 0, 0, 0, 0, 0, 0]we won via: 
[46, 0, 721, 0, -4, -4, -4, -3, -2, -2, -1, -1, 0, 0, 0, 0, 0, 0, 0, 0, 0, 0, 1, 0, 0, 0, 100, 100, 100, 100, 0, 0, 0, 0, 0, 0, 0, 0, 37, 37, 37, 93, 97, 99, 91, 112, 89, 143, 165, 83, 81, 94, 0, 0, 0, 0, -100, -100, -100, -100, -4, -4, -4, -4, -4, -4, -4, -4, -4, -4, -4, -4, -4, -4, -4, -4, -4, -4, -4, -4, -4, -4, 0, 0, 0, 0, 0, 0, 0, 0, 0, 0, 0, 0, 0, 0, 0, 0, 0, 0, 0, 0, 0, 0, 0, 0, 0, 0]we won via: 
[47, 0, 742, 0, -4, -4, -4, -3, -2, -2, -1, -1, 0, 0, 0, 0, 0, 0, 0, 0, 0, 0, 0, 0, 0, 0, 100, 100, 100, 100, 0, 0, 0, 0, 0, 0, 0, 0, 41, 41, 41, 97, 101, 103, 95, 116, 93, 147, 168, 87, 85, 98, 0, 0, 0, 0, -100, -100, -100, -100, -4, -4, -4, -4, -4, -4, -4, -4, -4, -4, -4, -4, -4, -4, -4, -4, -4, -4, -4, -4, -4, -4, 0, 0, 0, 0, 0, 0, 0, 0, 0, 0, 0, 0, 0, 0, 0, 0, 0, 0, 0, 0, 0, 0, 0, 0, 0, 0]we won via: 
[48, 0, 747, 0, -4, -4, -4, -3, -2, -2, -1, -1, 0, 0, 0, 0, 0, 0, 0, 0, 0, 0, 0, 0, 0, 0, 100, 100, 100, 100, 0, 0, 0, 0, 0, 0, 0, 0, 42, 42, 42, 98, 102, 104, 96, 117, 94, 148, 169, 88, 86, 99, 0, 0, 0, 0, -100, -100, -100, -100, -4, -4, -4, -4, -4, -4, -4, -4, -4, -4, -4, -4, -4, -4, -4, -4, -4, -4, -4, -4, -4, -4, 0, 0, 0, 0, 0, 0, 0, 0, 0, 0, 0, 0, 0, 0, 0, 0, 0, 0, 0, 0, 0, 0, 0, 0, 0, 0]we won via: 
[49, 0, 774, 0, -4, -4, -4, -3, -2, -2, -1, -1, 0, 0, 0, 0, 0, 0, 0, 0, 0, 0, 0, 0, 0, 0, 100, 100, 100, 100, 0, 0, 0, 0, 0, 0, 0, 0, 50, 50, 50, 106, 110, 112, 104, 125, 102, 156, 177, 96, 94, 107, 0, 0, 0, 0, -100, -100, -100, -100, -4, -4, -4, -4, -4, -4, -4, -4, -4, -4, -4, -4, -4, -4, -4, -4, -4, -4, -4, -4, -4, -4, 0, 0, 0, 0, 0, 0, 0, 0, 0, 0, 0, 0, 0, 0, 0, 0, 0, 0, 0, 0, 0, 0, 0, 0, 0, 0]we won via: 
[50, 0, 785, 0, -4, -4, -4, -3, -2, -2, -1, -1, 0, 0, 0, 0, 0, 0, 0, 0, 0, 0, 0, 0, 0, 0, 100, 100, 100, 100, 0, 0, 0, 0, 0, 0, 0, 0, 52, 52, 52, 108, 112, 114, 106, 127, 104, 158, 179, 98, 96, 109, 0, 0, 0, 0, -100, -100, -100, -100, -4, -4, -4, -4, -4, -4, -4, -4, -4, -4, -4, -4, -4, -4, -4, -4, -4, -4, -4, -4, -4, -4, 0, 0, 0, 0, 0, 0, 0, 0, 0, 0, 0, 0, 0, 0, 0, 0, 0, 0, 0, 0, 0, 0, 0, 0, 0, 0]we won via: 
[51, 0, 790, 0, -4, -4, -4, -3, -2, -2, -1, -1, 0, 0, 0, 0, 0, 0, 0, 0, 0, 0, 0, 0, 0, 0, 100, 100, 100, 100, 0, 0, 0, 0, 0, 0, 0, 0, 53, 53, 53, 109, 113, 115, 107, 128, 105, 159, 180, 99, 97, 110, 0, 0, 0, 0, -100, -100, -100, -100, -4, -4, -4, -4, -4, -4, -4, -4, -4, -4, -4, -4, -4, -4, -4, -4, -4, -4, -4, -4, -4, -4, 0, 0, 0, 0, 0, 0, 0, 0, 0, 0, 0, 0, 0, 0, 0, 0, 0, 0, 0, 0, 0, 0, 0, 0, 0, 0]